0 0.1397 0.469167 0.0834 0.123792 0.264728
17 0.5163 0.396111 0.1086 0.201335 0.282781
0 0.9089 0.405085 0.0458 0.1185 0.34878
0 0.5172 0.394961 0.106 0.199494 0.41527
0 0.8609 0.408997 0.065 0.176484 0.431686
0 0.719 0.376553 0.062 0.104694 0.440468
0 0.8218 0.509089 0.148 0.371606 0.5408
77 0.7878 0.406236 0.084 0.169581 0.624564
17 0.1128 0.663599 0.1516 0.300506 0.624858
0 0.2856 0.560055 0.108 0.416015 0.640911
0 0.3838 0.602278 0.0764 0.314542 0.64133
0 0.4269 0.377589 0.1378 0.139899 0.680241
17 0.6997 0.531523 0.1434 0.289922 0.711075
0 0.1417 0.59434 0.0906 0.369535 0.712037
0 0.618 0.612287 0.218 0.416935 0.747084
17 0.2821 0.625518 0.2142 0.469167 0.820098
17 0.5813 0.722734 0.3962 0.480442 0.939064
