0 0.589733 0.499055 0.133927 0.322981 0.293478
77 0.13754 0.589117 0.0798185 0.122873 0.3308
17 0.921442 0.663516 0.153084 0.450986 0.333867
17 0.828768 0.634621 0.338431 0.504996 0.375269
0 0.514619 0.558871 0.104688 0.170402 0.431873
0 0.318938 0.644477 0.158965 0.442614 0.480109
0 0.0368005 0.522684 0.0736011 0.287605 0.669705
17 0.600991 0.746422 0.286506 0.452066 0.68257
0 0.381449 0.47313 0.0705764 0.213881 0.728786
0 0.826752 0.537537 0.189212 0.593303 0.76023
0 0.0830113 0.643937 0.16535 0.470159 0.825964
