0 0.659564 0.704362 0.0692494 0.360656 0.26299
0 0.434019 0.858433 0.269976 0.230897 0.265076
0 0.544189 0.591553 0.0646489 0.114476 0.274777
77 0.76477 0.457627 0.0859564 0.116143 0.284329
17 0.308475 0.151014 0.0106538 0.0275076 0.304177
19 0.424213 0.551125 0.119128 0.111976 0.308555
0 0.293947 0.132537 0.00920097 0.0216727 0.344652
0 0.308596 0.150597 0.0104116 0.0272298 0.384888
77 0.898305 0.521951 0.116707 0.220895 0.410053
17 0.337409 0.15032 0.0176755 0.0300083 0.411682
0 0.314407 0.573493 0.106295 0.260072 0.414883
0 0.768886 0.458461 0.0946731 0.122256 0.427011
0 0.174455 0.61142 0.0811138 0.24868 0.475085
0 0.719855 0.723534 0.0847458 0.36788 0.616615
17 0.845884 0.710336 0.101937 0.396499 0.63554
17 0.401816 0.158933 0.0394673 0.0294526 0.665326
0 0.486441 0.733537 0.128814 0.33676 0.665492
0 0.766586 0.740206 0.0968523 0.316755 0.69176
0 0.235956 0.72673 0.177966 0.429842 0.771159
0 0.0997579 0.712142 0.13414 0.410114 0.785419
0 0.607869 0.712976 0.16247 0.443457 0.800418
