0 0.835147 0.391342 0.075 0.280519 0.513672
0 0.804559 0.34632 0.0614706 0.30303 0.538086
0 0.407647 0.293939 0.0611765 0.231169 0.562988
0 0.9375 0.58355 0.125 0.817316 0.581055
0 0.883088 0.556277 0.171471 0.759307 0.581543
0 0.4425 0.260606 0.132059 0.308225 0.584961
0 0.290441 0.354545 0.0544118 0.246753 0.59375
0 0.745 0.329004 0.0476471 0.254545 0.599121
0 0.131471 0.358874 0.0429412 0.32987 0.600098
0 0.570735 0.304762 0.0444118 0.195671 0.669922
0 0.239412 0.509957 0.0852941 0.671861 0.679688
0 0.702647 0.383117 0.145294 0.343723 0.75
0 0.197941 0.507792 0.111176 0.695238 0.75293
0 0.622647 0.378355 0.0935294 0.406926 0.802734
0 0.510882 0.37316 0.147647 0.290909 0.839844
0 0.33 0.525974 0.130588 0.660606 0.853027
0 0.0822059 0.580952 0.155 0.824242 0.918457
