0 0.0351562 0.232947 0.0566406 0.183492 0.302732
0 0.961914 0.225443 0.0761719 0.173943 0.308852
0 0.174316 0.480559 0.114258 0.690996 0.335228
0 0.297363 0.680423 0.235352 0.576398 0.416021
0 0.172363 0.271487 0.112305 0.283765 0.421297
0 0.833008 0.341405 0.0576172 0.227149 0.587572
0 0.541992 0.260573 0.243164 0.392906 0.636534
0 0.906494 0.547067 0.187012 0.776262 0.764168
0 0.476074 0.673943 0.261719 0.630287 0.777604
0 0.0974121 0.561733 0.189941 0.779673 0.85923
0 0.778564 0.674966 0.299316 0.614598 0.952528
