0 0.955588 0.30303 0.04 0.230303 0.300851
0 0.982059 0.403896 0.0358824 0.295238 0.351152
0 0.982353 0.609524 0.0352941 0.742857 0.386102
0 0.770147 0.377056 0.0302941 0.163636 0.444588
0 0.835294 0.391342 0.0747059 0.280519 0.513559
0 0.804853 0.34632 0.0614706 0.30303 0.538767
0 0.407941 0.293939 0.0611765 0.231169 0.566519
0 0.937206 0.583117 0.125588 0.81645 0.581033
0 0.882941 0.556277 0.171176 0.757576 0.581383
0 0.442794 0.260606 0.132059 0.308225 0.582975
0 0.290294 0.354545 0.0541176 0.246753 0.593137
0 0.745 0.328571 0.0476471 0.255411 0.600348
0 0.131324 0.358874 0.0432353 0.32987 0.600675
0 0.570588 0.304762 0.0441176 0.195671 0.669077
0 0.239559 0.509957 0.085 0.671861 0.679504
0 0.702794 0.383117 0.145588 0.343723 0.750277
0 0.197941 0.507792 0.111176 0.695238 0.753252
0 0.6225 0.378355 0.0938235 0.406926 0.803291
0 0.511029 0.37316 0.147941 0.290909 0.839519
0 0.330147 0.525541 0.130294 0.65974 0.853136
0 0.0820588 0.580952 0.154706 0.824242 0.918417
